%% Constants 
g = 9.8067;
water_density = 997;

%% System Properties
m = 5.51 ; % kg
I_x = 1;
I_y = 1;
I_z = 1;
volume = 0.0074;
volume_center = [0, 0, 0.1];

%% Electronics
pwm_stop = 1500;
rot_noise = 60e-6;
lin_noise = 5e-3;

%% Math
wrench = [
         0         0    -1.0000   -0.2035   -0.2535         0
         0         0    -1.0000    0.2035   -0.2535         0
         0         0    -1.0000   -0.2035    0.2545         0
         0         0    -1.0000    0.2035    0.2545         0
   -0.7071   -0.7071         0   -0.0346    0.0346    0.2153
   -0.7071    0.7071         0    0.0346    0.0346   -0.2153
   -0.7071    0.7071         0    0.0346    0.0346    0.2220
   -0.7071   -0.7071         0   -0.0346    0.0346   -0.2220
];


drag_wrench = [
    0.4100         0         0         0         0         0
         0    0.5000         0         0         0         0
         0         0    1.2500         0         0         0
         0         0         0    0.5000         0         0
         0         0         0         0    1.0000         0
         0         0         0         0         0    0.5000
];

