x_force = [0.410000000000000	0	0	0	0	0];
y_force = [0	0.500000000000000	0	0	0	0];
z_force = 